PAIR: 0.422569
TPAIR: 0.047539
THREE: 0.0211285
STRAIGHT: 0.003925
FLUSH: 0.001965
FULL: 0.001441
FOUR: 0.000240096
SFLUSH: 0.0000153908
RFLUSH: 0.00000153907